	9.278000	79.085129	71.351196	67.681099	94.344910	79.616142	66.906067
	17.702000	79.008583	71.240036	67.547874	94.314552	79.468346	66.870766
	26.126000	79.037407	71.163223	67.503571	94.273834	79.304718	66.830856
	34.551000	79.035263	71.059547	67.400757	94.328094	79.187820	66.746666
	42.975000	79.204010	71.031219	67.424232	94.383362	79.084740	66.635941
	51.401000	79.223923	70.926453	67.305191	94.482407	78.934990	66.544548
	59.827000	79.271248	70.864243	67.229416	94.681755	78.849388	66.538918
	68.251000	79.434479	70.834747	67.174438	94.816605	78.723824	66.390076
	76.676000	79.542686	70.776566	67.153839	95.032776	78.673752	66.327110
	85.102000	79.731560	70.775688	67.109383	95.257118	78.646217	66.252762
	93.524000	79.857903	70.734955	67.018639	95.514252	78.625191	66.182167
	101.951000	79.979454	70.764610	67.036163	95.748924	78.560234	66.067139
	110.373000	80.072777	70.663139	66.968788	96.030319	78.550468	65.996811
	118.796000	80.302933	70.680832	66.946358	96.360138	78.564125	65.944420
	127.221000	80.479866	70.731934	66.936729	96.660294	78.597710	65.910141
	135.644000	80.726135	70.740990	66.945328	97.046562	78.659416	65.873512
	144.071000	80.865906	70.756523	66.954674	97.356018	78.655197	65.850243
	152.495000	81.094559	70.728241	66.911926	97.765266	78.791649	65.856316
	160.917000	81.301262	70.819176	66.863716	98.100723	78.842293	65.754463
	169.340000	81.477638	70.904305	66.828735	98.462570	78.893448	65.707497
	177.766000	81.697159	70.858612	66.878189	98.910530	79.070732	65.700066
	186.193000	81.952759	70.923927	66.876808	99.210777	79.109093	65.657715
	194.618000	82.092751	70.951576	66.907455	99.636681	79.232689	65.670639
	203.042000	82.403557	71.114693	66.997986	100.067612	79.387062	65.679962
	211.468000	82.544449	71.113205	66.957291	100.507233	79.509453	65.692596
	219.895000	82.794159	71.190239	67.014885	100.873161	79.589699	65.745392
	228.320000	83.027924	71.282265	67.055832	101.274216	79.791847	65.730278
	236.746000	83.226097	71.296310	67.068520	101.716019	79.891403	65.688614
	245.170000	83.517464	71.424332	67.090454	102.155334	80.125198	65.814804
	253.596000	83.712738	71.579842	67.198593	102.509941	80.271622	65.753082
	262.022000	83.950493	71.619438	67.196251	102.977165	80.437607	65.812080
	270.448000	84.163132	71.729027	67.244682	103.393417	80.631073	65.883911
	278.874000	84.282158	71.775093	67.258904	103.794479	80.833694	65.911438
	287.300000	84.524857	71.901855	67.359390	104.181038	81.009468	65.979538
	295.724000	84.660599	71.975380	67.354767	104.493111	81.187180	66.030983
	304.149000	84.817329	72.063446	67.425240	104.772644	81.413017	66.109718
	312.573000	84.939880	72.180382	67.535835	105.039452	81.601921	66.161354
	320.998000	84.953690	72.335327	67.639061	105.224861	81.792160	66.167747
	329.421000	84.984734	72.377563	67.653122	105.350716	81.957520	66.275169
	337.847000	85.055779	72.526909	67.783997	105.445801	82.166405	66.380943
	346.273000	85.074524	72.596504	67.831848	105.502075	82.320091	66.415443
	354.699000	85.046791	72.725067	67.883003	105.488983	82.454758	66.546028
	363.123000	85.018425	72.769829	67.921600	105.441139	82.594864	66.671967
	371.549000	84.883743	72.841515	67.970863	105.372482	82.769119	66.728859
	379.973000	84.882996	72.919586	68.086578	105.267006	82.842003	66.764832
	388.400000	84.739891	72.952827	68.117088	105.123360	82.901558	66.849640
	396.826000	84.637238	73.015480	68.217155	104.940704	83.016190	66.873016
	405.251000	84.536583	73.029274	68.203438	104.740234	83.019127	66.980530
	413.674000	84.347908	73.027969	68.217270	104.507172	83.095650	67.046516
	422.098000	84.274559	73.141891	68.300995	104.290520	83.166405	67.148018
	430.523000	84.077049	73.140472	68.342216	104.037544	83.209824	67.178589
	438.946000	83.952591	73.106392	68.358780	103.727386	83.195297	67.243408
	447.370000	83.791412	73.140793	68.398483	103.467072	83.218277	67.340919
	455.795000	83.522949	73.079002	68.416199	103.098465	83.146790	67.371475
	464.219000	83.383316	73.136070	68.488884	102.779480	83.154778	67.478752
	472.643000	83.190186	73.087425	68.454666	102.455597	83.122993	67.543495
	481.066000	83.013527	73.048141	68.518517	102.095863	83.062210	67.579933
	489.491000	82.810341	73.076279	68.434570	101.729782	82.964783	67.584999
	497.917000	82.624886	73.005508	68.474953	101.341637	82.878395	67.552490
	506.342000	82.378845	72.907158	68.473297	100.953842	82.768883	67.584671
	514.768000	82.276962	72.929977	68.486046	100.590973	82.678360	67.612457
	523.191000	82.006577	72.873749	68.496490	100.220589	82.590828	67.706749
	531.616000	81.797348	72.806213	68.476616	99.784981	82.465691	67.705406
	540.042000	81.530289	72.719833	68.454842	99.360649	82.336090	67.634720
	548.468000	81.338867	72.680168	68.421570	99.006111	82.230186	67.640244
	556.895000	81.114571	72.605354	68.410439	98.581856	82.083328	67.639862
	565.319000	80.831238	72.507248	68.346909	98.154877	81.876122	67.690109
	573.742000	80.614922	72.430534	68.289413	97.757736	81.754478	67.701202
	582.167000	80.328331	72.367195	68.227188	97.348091	81.618477	67.672020
	590.592000	80.137863	72.275063	68.251244	96.894096	81.418785	67.540825
	599.016000	79.945831	72.183647	68.186607	96.461754	81.252953	67.579010
	607.440000	79.795158	72.106102	68.158539	96.136452	81.114990	67.581329
	615.865000	79.583168	71.967453	68.091576	95.741379	80.917358	67.440033
	624.290000	79.424767	71.850777	68.021385	95.392159	80.698654	67.429893
	632.716000	79.263519	71.761269	67.929535	95.118248	80.511581	67.407829
	641.142000	79.233620	71.683235	67.895020	94.864296	80.316170	67.379486
	649.568000	79.206596	71.607872	67.883125	94.700005	80.129143	67.293030
	657.994000	79.088242	71.459038	67.724808	94.560028	79.963127	67.210854
	666.420000	79.138374	71.354477	67.864845	94.482208	79.789360	67.181900
	674.845000	79.112312	71.279144	67.657631	94.410301	79.607048	67.108864
	683.267000	79.152443	71.246857	67.624184	94.432808	79.455284	67.088402
	691.690000	79.221146	71.162941	67.540901	94.485123	79.359360	66.958237
	700.113000	79.217766	71.092865	67.473083	94.560516	79.198868	66.871254
	708.539000	79.381325	71.090057	67.432198	94.712547	79.164902	66.829689
	716.962000	79.505669	71.020981	67.408714	94.847778	79.019325	66.701424
	725.387000	79.605675	71.005020	67.405128	95.065063	79.013428	66.651253
	733.814000	79.725670	70.950165	67.346107	95.262505	78.910294	66.588173
	742.240000	79.846268	70.912857	67.222565	95.500053	78.841354	66.498993
	750.666000	79.989723	70.869766	67.206055	95.702843	78.839523	66.454033
	759.088000	80.166695	70.907616	67.211365	96.000656	78.851837	66.371872
	767.516000	80.393547	70.902069	67.175079	96.294167	78.830513	66.307861
	775.939000	80.526550	70.908562	67.177444	96.619728	78.855011	66.286049
	784.365000	80.653824	70.883194	67.109863	96.935974	78.844299	66.239784
	792.791000	80.920311	70.911987	67.132484	97.269188	78.917564	66.241791
	801.216000	81.098740	70.967323	67.179604	97.653076	78.952759	66.138702
	809.643000	81.287651	70.959564	67.104660	97.933517	79.027977	66.109398
	818.070000	81.503311	70.985428	67.097275	98.357491	79.087105	66.102737
	826.495000	81.689781	71.042137	67.098076	98.753922	79.196205	66.084175
	834.920000	81.904175	71.019958	67.073128	99.089066	79.292450	66.033943
	843.345000	82.192543	71.152412	67.145348	99.539970	79.386810	66.045601
	851.768000	82.334084	71.154564	67.169289	99.907425	79.528099	66.026443
	860.193000	82.547470	71.270454	67.198349	100.289482	79.665283	66.027267
	868.618000	82.760162	71.303162	67.172142	100.708130	79.785576	65.983658
	877.042000	83.076431	71.435249	67.253632	101.150269	79.942863	66.050705
	885.465000	83.288986	71.532875	67.298126	101.561317	80.052910	66.059013
	893.890000	83.469765	71.595757	67.324814	101.968025	80.211517	66.078056
	902.318000	83.621094	71.683968	67.285812	102.373589	80.412910	66.074562
	910.742000	83.903831	71.748116	67.354599	102.795410	80.575813	66.134140
	919.166000	84.157661	71.846390	67.473808	103.176941	80.743584	66.201340
	927.589000	84.327454	71.895508	67.453247	103.623314	80.950851	66.220444
	936.015000	84.605225	72.056168	67.537659	104.026810	81.181053	66.285202
	944.444000	84.737434	72.153648	67.653084	104.363640	81.300148	66.255737
	952.869000	84.878731	72.237526	67.638649	104.686195	81.495781	66.311806
	961.293000	84.966148	72.274902	67.695305	104.969116	81.665138	66.417969
	969.718000	85.054695	72.433479	67.757912	105.215340	81.903992	66.506485
	978.144000	85.113464	72.509834	67.793045	105.394524	82.067192	66.633522
	986.568000	85.155258	72.642555	67.926537	105.501595	82.261841	66.699356
	995.197000	85.181564	72.743744	67.942268	105.580498	82.417770	66.702141
	1003.624000	85.224586	72.828896	68.058426	105.632233	82.584831	66.787621
	1012.050000	85.159332	72.947701	68.091553	105.584915	82.765129	66.867744
	1020.476000	85.102333	72.999840	68.155190	105.508400	82.809647	66.924652
	1028.903000	85.071754	73.009392	68.164047	105.440269	82.977577	66.966949
	1037.328000	84.927773	73.092171	68.278984	105.358688	83.060150	67.110542
	1045.752000	84.865616	73.187500	68.345016	105.173431	83.126610	67.199486
	1054.177000	84.738480	73.218132	68.337845	104.988762	83.240395	67.269257
	1062.601000	84.588432	73.202278	68.414146	104.808586	83.314148	67.352875
	1071.027000	84.454956	73.252464	68.476288	104.574997	83.363548	67.420853
	1079.452000	84.333031	73.234680	68.572662	104.284088	83.378540	67.493622
	1087.876000	84.204422	73.305984	68.549095	104.019997	83.335724	67.499641
	1096.302000	83.923386	73.260979	68.510712	103.771957	83.379173	67.611198
	1104.727000	83.816566	73.278198	68.581131	103.440521	83.374901	67.668610
	1113.152000	83.647842	73.335083	68.612587	103.131516	83.345169	67.703072
	1121.578000	83.386124	73.221817	68.621681	102.781128	83.330910	67.785812
	1130.002000	83.269432	73.241318	68.684753	102.417709	83.259163	67.798218
	1138.429000	83.087051	73.204323	68.609222	102.103104	83.245956	67.887039
	1146.855000	82.893791	73.171822	68.694771	101.723106	83.149155	67.879662
	1155.277000	82.666939	73.105736	68.668770	101.314438	83.015526	67.848297
	1163.701000	82.421738	73.027710	68.607208	100.963448	82.925858	67.886795
	1172.127000	82.125107	72.942955	68.546944	100.588013	82.866394	67.929367
	1180.551000	82.007622	72.989594	68.656418	100.175880	82.743340	67.972542
	1188.976000	81.788597	72.930367	68.588913	99.755486	82.587906	67.931503
	1197.403000	81.547745	72.858040	68.585083	99.386406	82.469452	67.938698
	1205.828000	81.330002	72.755394	68.566765	98.989151	82.332764	67.920525
	1214.253000	81.145462	72.685272	68.534424	98.546806	82.206184	67.925552
	1222.678000	80.928253	72.658775	68.508827	98.177299	82.067619	67.917648
	1231.101000	80.662354	72.598251	68.444618	97.707626	81.868980	67.859978
	1239.525000	80.448006	72.458199	68.443192	97.330009	81.735733	67.881020
	1247.947000	80.186874	72.355225	68.350937	96.926270	81.541138	67.795280
	1256.370000	79.962921	72.280724	68.327293	96.492210	81.369690	67.797134
	1264.793000	79.817299	72.230667	68.262772	96.102676	81.196648	67.809769
	1273.217000	79.651573	72.108727	68.224449	95.721634	81.008644	67.676033
	1281.642000	79.484337	71.965790	68.187813	95.406624	80.802208	67.638512
	1290.070000	79.359566	71.877701	68.093491	95.090141	80.618805	67.605225
	1298.492000	79.277908	71.769920	68.047562	94.872826	80.430321	67.546211
	1306.916000	79.293892	71.700424	67.981689	94.726418	80.258362	67.504646
	1315.338000	79.211281	71.591698	67.910278	94.602516	80.073524	67.451324
	1323.764000	79.239983	71.558525	67.879387	94.511314	79.871292	67.389084
	1332.189000	79.220673	71.439751	67.768112	94.547142	79.750443	67.322289
	1340.612000	79.266685	71.373711	67.663971	94.567490	79.631149	67.250168
	1349.035000	79.322121	71.255432	67.663025	94.552361	79.467339	67.130966
	1357.460000	79.399124	71.205490	67.577515	94.648613	79.313431	67.038406
	1365.884000	79.511246	71.203484	67.603249	94.805443	79.230606	66.981895
	1374.308000	79.583443	71.123512	67.509018	94.959206	79.163055	66.920952
	1382.732000	79.710503	71.058296	67.486183	95.099403	79.065956	66.809319
	1391.155000	79.802086	71.037117	67.424408	95.331497	79.020927	66.750961
	1399.577000	79.973320	71.052048	67.460449	95.578537	79.009323	66.694160
	1408.000000	80.081390	70.993515	67.403709	95.828712	78.993019	66.624184
	1416.422000	80.273369	71.009468	67.372208	96.107903	79.005577	66.536293
	1424.848000	80.345764	71.027084	67.292603	96.373108	78.936119	66.490166
	1433.269000	80.602036	71.027809	67.273613	96.705383	78.979889	66.439941
	1441.697000	80.780785	71.059875	67.299492	97.046021	78.996651	66.395706
	1450.124000	80.932526	71.042686	67.302711	97.335655	79.030212	66.380913
	1458.549000	81.132591	71.052963	67.260941	97.663666	79.107666	66.404518
	1466.972000	81.360809	71.108109	67.260406	98.027176	79.158936	66.318451
	1475.396000	81.538414	71.111504	67.261505	98.425041	79.273209	66.272957
	1483.817000	81.786537	71.170723	67.277191	98.749649	79.332657	66.245079
	1492.240000	81.949631	71.273270	67.318802	99.120178	79.413658	66.260773
	1500.664000	82.175461	71.283371	67.290611	99.547203	79.520271	66.272064
	1509.087000	82.409935	71.336479	67.397873	99.927979	79.668831	66.254929
	1517.513000	82.636452	71.404778	67.330688	100.345322	79.769806	66.283493
	1525.937000	82.823174	71.476822	67.370453	100.682869	79.906227	66.284943
	1534.361000	83.071411	71.512505	67.366936	101.090111	80.054298	66.256287
	1542.783000	83.228882	71.587158	67.395782	101.507378	80.217293	66.268028
	1551.206000	83.518440	71.711769	67.479195	101.914688	80.354965	66.303970
	1559.631000	83.718231	71.773705	67.496468	102.312531	80.475838	66.295341
	1568.053000	83.982491	71.889503	67.600410	102.783104	80.691490	66.396927
	1576.476000	84.160637	71.962555	67.553368	103.161377	80.839531	66.402405
	1584.900000	84.317978	72.018265	67.560028	103.562416	81.047905	66.378120
	1593.323000	84.589279	72.171310	67.681534	103.964279	81.199257	66.442856
	1601.748000	84.776543	72.305473	67.784821	104.273094	81.389351	66.559677
	1610.170000	84.901604	72.347908	67.789917	104.575096	81.559830	66.563515
	1618.596000	84.983734	72.443481	67.835793	104.809486	81.751228	66.655235
	1627.020000	85.044418	72.517616	67.885674	105.057350	81.943352	66.687828
	1635.447000	85.112144	72.702362	68.040268	105.235641	82.151299	66.770638
	1643.875000	85.112526	72.751778	68.040878	105.307823	82.317543	66.835808
	1652.300000	85.176079	72.816185	68.150940	105.334938	82.450813	66.839546
	1660.726000	85.113762	72.899895	68.145973	105.386665	82.616280	66.894745
	1669.150000	85.103584	72.998558	68.239204	105.389717	82.783913	67.044540
	1677.573000	84.988174	73.010910	68.253380	105.298767	82.869827	67.078644
	1685.997000	85.058083	73.148338	68.396629	105.199608	82.982208	67.132805
	1694.420000	84.912041	73.190346	68.412064	105.072433	83.101891	67.262596
	1702.843000	84.770546	73.219688	68.453117	104.895241	83.193741	67.274193
	1711.265000	84.671425	73.266396	68.509712	104.729645	83.294785	67.388535
	1719.690000	84.574768	73.297691	68.535057	104.524864	83.295250	67.480263
	1728.114000	84.437759	73.344353	68.634018	104.321960	83.397995	67.583252
	1736.539000	84.233727	73.342377	68.672852	104.070862	83.371513	67.621887
	1744.961000	84.073059	73.344070	68.662613	103.754333	83.404785	67.682442
	1753.383000	83.870125	73.376396	68.666992	103.469131	83.387718	67.726135
	1761.805000	83.739792	73.373581	68.764130	103.163544	83.302673	67.751152
	1770.228000	83.544502	73.337448	68.734169	102.832985	83.307419	67.822624
	1778.651000	83.384178	73.334892	68.718315	102.552406	83.291138	67.907455
	1787.076000	83.183609	73.281113	68.748184	102.156868	83.244553	67.930809
	1795.500000	82.968811	73.227310	68.761986	101.809517	83.194633	67.977875
	1803.925000	82.719246	73.196960	68.725891	101.448883	83.119781	68.020409
	1812.347000	82.575912	73.173538	68.741188	101.078674	83.009407	68.021255
	1820.771000	82.379311	73.172508	68.777756	100.692101	82.941887	68.098633
	1829.193000	82.115395	73.069359	68.722702	100.317802	82.854599	68.103058
	1837.617000	81.943634	73.001472	68.855141	99.894173	82.677193	68.054268
	1846.040000	81.694466	72.935722	68.707291	99.504547	82.553680	68.051819
	1854.463000	81.459305	72.856926	68.685547	99.091270	82.426544	68.084702
	1862.885000	81.268173	72.812286	68.623222	98.666351	82.301033	68.055702
	1871.312000	80.986420	72.681404	68.623634	98.288246	82.178459	68.020477
	1879.736000	80.843269	72.717247	68.616173	97.880577	81.953033	68.011230
	1888.164000	80.652397	72.615112	68.595589	97.456741	81.829300	68.038574
	1896.588000	80.385269	72.500885	68.510880	97.054367	81.619339	67.981735
	1905.012000	80.124275	72.411797	68.471275	96.627090	81.456284	67.972931
	1913.440000	79.895187	72.300072	68.411995	96.209435	81.277054	67.902573
	1921.863000	79.761269	72.207870	68.347023	95.835289	81.103462	67.854126
	1930.289000	79.563240	72.093269	68.285782	95.477959	80.953476	67.865967
	1938.716000	79.486023	72.021339	68.237198	95.193794	80.744278	67.772018
	1947.143000	79.410667	71.942314	68.216377	94.926094	80.575508	67.747864
	1955.567000	79.269691	71.834808	68.093674	94.680305	80.371483	67.691185
	1963.993000	79.252724	71.725708	68.070045	94.519821	80.184807	67.595222
	1972.415000	79.227867	71.691010	68.062378	94.421684	80.008667	67.494438
	1980.839000	79.242012	71.534424	67.940567	94.390076	79.893311	67.447342
	1989.263000	79.227127	71.470039	67.905266	94.361359	79.725578	67.397156
	1997.688000	79.269478	71.413864	67.822914	94.378067	79.556595	67.263161
	2006.113000	79.369934	71.300270	67.740677	94.495674	79.420738	67.203575
	2014.536000	79.444878	71.249161	67.717522	94.575935	79.336609	67.167313
	2022.959000	79.505440	71.173378	67.679291	94.706589	79.231384	67.094353
	2031.380000	79.592102	71.172722	67.616264	94.877579	79.150291	66.988426
	2039.803000	79.749535	71.112442	67.553665	95.056137	79.050140	66.891426
	2048.225000	79.965233	71.116386	67.572968	95.289391	79.014519	66.817017
	2056.650000	80.033264	71.116577	67.501625	95.545235	78.971817	66.725426
	2065.075000	80.221245	71.097610	67.494102	95.820793	78.951462	66.707581
	2073.501000	80.328156	71.125908	67.437347	96.089401	78.977989	66.682755
	2081.928000	80.508232	71.038979	67.368950	96.395584	79.004082	66.594887
	2090.352000	80.709114	71.071167	67.399780	96.749626	78.997108	66.532631
	2098.776000	80.895653	71.069069	67.354790	97.046700	79.015656	66.450966
	2107.198000	81.129303	71.100319	67.344330	97.441986	79.078484	66.442291
	2115.621000	81.295334	71.164574	67.421234	97.760689	79.125565	66.452950
	2124.042000	81.500603	71.194473	67.322281	98.159935	79.244682	66.440514
	2132.468000	81.685364	71.150475	67.339020	98.510628	79.311790	66.400566
	2140.894000	81.923752	71.291161	67.339920	98.923363	79.393311	66.371140
	2149.317000	82.120377	71.314926	67.352005	99.301750	79.493553	66.346703
	2157.742000	82.352722	71.391579	67.445450	99.724121	79.612007	66.310440
	2166.167000	82.558075	71.428421	67.464188	100.130974	79.714722	66.288460
	2174.592000	82.814972	71.555489	67.437927	100.500801	79.845665	66.305519
	2183.018000	83.018646	71.526909	67.436157	100.947769	79.999779	66.329475
	2191.442000	83.261284	71.633057	67.487343	101.311729	80.123619	66.271988
	2199.865000	83.477608	71.695938	67.531693	101.772552	80.273193	66.282463
	2208.288000	83.674812	71.818314	67.548431	102.171692	80.448784	66.331108
	2216.712000	83.992783	71.945381	67.674210	102.640572	80.623825	66.447792
	2225.137000	84.223030	71.997177	67.670776	103.039673	80.793701	66.404480
	2233.561000	84.407066	72.099014	67.716965	103.433998	80.917503	66.433411
	2241.983000	84.586220	72.173988	67.735336	103.880981	81.156509	66.553070
	2250.407000	84.799286	72.272736	67.799530	104.243996	81.360481	66.602356
	2258.832000	85.007271	72.350586	67.861374	104.582344	81.536972	66.653252
	2267.254000	85.147530	72.488869	67.933487	104.885887	81.745827	66.688370
	2275.677000	85.249062	72.624191	68.003548	105.162598	81.944092	66.747513
	2284.101000	85.363091	72.750710	68.119591	105.366760	82.131134	66.781204
	2292.528000	85.391815	72.827515	68.178787	105.535614	82.303581	66.838806
	2300.953000	85.426727	72.913033	68.225830	105.603485	82.452698	66.940048
	2309.377000	85.375793	72.978104	68.252190	105.706062	82.637390	67.081902
	2317.799000	85.366005	73.062721	68.323112	105.667343	82.778069	67.086395
	2326.222000	85.356972	73.130920	68.389977	105.662178	82.945366	67.155800
	2334.648000	85.308586	73.140549	68.445236	105.613441	83.066483	67.206078
	2343.074000	85.223335	73.302864	68.540009	105.527939	83.216743	67.327690
	2351.500000	85.141556	73.346283	68.607285	105.387352	83.288521	67.408417
	2359.922000	84.996208	73.394714	68.660332	105.206970	83.374496	67.472153
	2368.344000	84.885635	73.410278	68.630508	105.032562	83.487694	67.577095
	2376.769000	84.766785	73.451935	68.705894	104.807549	83.514450	67.657501
	2385.197000	84.612930	73.504456	68.762337	104.620399	83.589302	67.724556
	2393.624000	84.459404	73.502533	68.747574	104.359901	83.573448	67.773598
	2402.050000	84.275887	73.552216	68.823189	104.029556	83.532082	67.815002
	2410.477000	84.094101	73.467979	68.826714	103.786484	83.607307	67.968636
	2418.902000	83.997650	73.519165	68.862335	103.489120	83.595116	67.991531
	2427.325000	83.796684	73.480141	68.909027	103.121002	83.506477	68.014557
	2435.749000	83.621307	73.498978	68.925346	102.788200	83.507385	68.072105
	2444.174000	83.362579	73.470482	68.910828	102.439590	83.453575	68.095558
	2452.597000	83.243790	73.459030	68.963547	102.141052	83.412521	68.198029
	2461.019000	83.042389	73.414268	68.964622	101.736626	83.284554	68.203293
	2469.443000	82.747475	73.316818	68.906555	101.350334	83.257324	68.201050
	2477.869000	82.534416	73.286972	68.901680	100.953476	83.136757	68.178627
	2486.294000	82.398758	73.315666	68.920067	100.579941	83.012917	68.230644
	2494.717000	82.117920	73.180260	68.904037	100.176506	82.894135	68.234993
	2503.139000	81.930305	73.180855	68.851440	99.774567	82.768059	68.293938
	2511.562000	81.697746	73.113373	68.860962	99.368698	82.659096	68.254906
	2519.985000	81.536232	73.022728	68.850960	98.989487	82.513298	68.203102
	2528.409000	81.230927	72.906799	68.760193	98.533318	82.326187	68.175789
	2536.834000	81.033272	72.827217	68.772964	98.141426	82.188499	68.225632
	2545.258000	80.849823	72.818901	68.738739	97.718132	82.023628	68.172401
	2553.679000	80.594673	72.695114	68.710716	97.276100	81.824898	68.121979
	2562.103000	80.334938	72.585754	68.586174	96.902245	81.704720	68.136826
	2570.525000	80.165520	72.520630	68.605606	96.502892	81.558884	68.165215
	2578.948000	79.989769	72.395790	68.577446	96.089981	81.339195	68.014259
	2587.372000	79.845551	72.312538	68.473526	95.791077	81.170395	67.969452
	2595.794000	79.720383	72.207092	68.429695	95.446404	80.929840	67.882668
	2604.216000	79.635468	72.148537	68.418808	95.180054	80.776657	67.869987
	2612.639000	79.547340	71.995346	68.329262	95.030792	80.647484	67.838432
	2621.064000	79.521950	71.962158	68.334122	94.903419	80.471336	67.804840
	2629.488000	79.459564	71.845932	68.180237	94.734703	80.226501	67.708031
	2637.910000	79.473351	71.746735	68.128685	94.718338	80.072693	67.622704
	2646.331000	79.504051	71.714882	68.092453	94.712181	79.931572	67.586983
	2654.755000	79.581673	71.594276	68.057762	94.763481	79.818108	67.526436
	2663.179000	79.557869	71.478577	67.932144	94.860420	79.685265	67.447166
	2671.604000	79.700020	71.500183	67.947571	95.000160	79.598694	67.397232
	2680.026000	79.813538	71.447792	67.820625	95.085548	79.464882	67.283058
	2688.451000	79.930901	71.433823	67.835091	95.264450	79.392097	67.216194
	2696.876000	80.039925	71.372803	67.789627	95.454178	79.348648	67.121109
	2705.299000	80.153809	71.354683	67.738251	95.663048	79.267853	67.052429
	2713.723000	80.275993	71.278625	67.688065	95.947006	79.272789	67.011955
	2722.146000	80.425735	71.276649	67.654671	96.197655	79.268845	66.925438
	2730.570000	80.614677	71.290703	67.618286	96.494751	79.288857	66.886314
	2738.991000	80.735847	71.245483	67.560204	96.780762	79.247627	66.817520
	2747.416000	81.013252	71.263885	67.640068	97.107323	79.276276	66.709503
	2755.841000	81.184021	71.333549	67.593285	97.412193	79.279610	66.684860
	2764.270000	81.329834	71.336327	67.565109	97.771790	79.368752	66.683479
	2772.699000	81.456116	71.307205	67.510063	98.096992	79.396591	66.645302
	2781.122000	81.707962	71.373123	67.553551	98.463753	79.495949	66.578445
	2789.545000	81.934402	71.439087	67.557182	98.886032	79.584900	66.572754
	2797.969000	82.110512	71.433174	67.554008	99.214890	79.610031	66.575195
	2806.392000	82.373672	71.541084	67.597328	99.614319	79.760460	66.627129
	2814.818000	82.602791	71.612671	67.593285	99.951492	79.818710	66.559967
	2823.246000	82.758072	71.598068	67.668793	100.395302	79.981026	66.538231
	2831.670000	82.961357	71.762741	67.616196	100.741890	80.067078	66.500038
	2840.095000	83.198357	71.766792	67.715408	101.194801	80.277687	66.606682
	2848.517000	83.493477	71.882294	67.735588	101.599472	80.399979	66.578133
	2856.942000	83.658432	71.926376	67.755615	101.975571	80.530235	66.595871
	2865.367000	83.868729	72.012772	67.784973	102.393417	80.665001	66.550003
	2873.792000	84.137154	72.091476	67.805489	102.799782	80.832283	66.617165
	2882.218000	84.310005	72.182617	67.845779	103.181839	80.991638	66.646576
	2890.643000	84.497894	72.258049	67.841934	103.585297	81.208351	66.725357
	2899.067000	84.712875	72.343834	67.931885	104.036728	81.415062	66.774384
	2907.489000	84.958565	72.447205	68.005745	104.368561	81.564499	66.771835
	2915.912000	85.031548	72.549675	68.063110	104.688896	81.768951	66.862404
	2924.334000	85.234344	72.681908	68.120216	104.999512	81.931847	66.932030
	2932.755000	85.332466	72.793663	68.203384	105.249290	82.190285	66.992645
	2941.178000	85.389297	72.865784	68.216156	105.438690	82.358566	66.997238
	2949.601000	85.421982	72.998344	68.343987	105.563148	82.505806	67.097969
	2958.028000	85.474495	73.089287	68.401047	105.658569	82.726265	67.193268
	2966.453000	85.495880	73.201843	68.485001	105.701088	82.846375	67.175591
	2974.879000	85.445412	73.276077	68.530624	105.690063	82.983566	67.272659
	2983.306000	85.396927	73.335571	68.594055	105.651581	83.073807	67.307426
	2991.730000	85.283646	73.353714	68.623207	105.594139	83.225052	67.421761
	3000.156000	85.187286	73.424721	68.725433	105.465836	83.376442	67.452309
	3008.578000	85.110710	73.465317	68.708740	105.353699	83.451210	67.548866
	3017.002000	84.992661	73.523148	68.776909	105.158798	83.533783	67.587868
	3025.426000	84.912811	73.569626	68.832817	104.956070	83.587929	67.763306
	3033.850000	84.808998	73.591721	68.894119	104.730682	83.617065	67.896538
	3042.271000	84.640816	73.667732	68.912865	104.534103	83.659386	67.943443
	3050.695000	84.454849	73.608887	68.964706	104.233917	83.686935	67.981995
	3059.120000	84.363914	73.678886	69.007233	103.959099	83.688263	68.036057
	3067.542000	84.145355	73.620232	68.998520	103.709023	83.723053	68.138466
	3075.965000	83.940262	73.564713	69.063789	103.338600	83.616096	68.141808
	3084.390000	83.786163	73.610313	69.052101	103.034286	83.612091	68.211403
	3092.814000	83.606804	73.583008	69.044037	102.646271	83.573753	68.216171
	3101.237000	83.384804	73.554337	69.079765	102.327011	83.514664	68.288696
	3109.662000	83.178368	73.516685	69.037514	101.949013	83.408867	68.258347
	3118.085000	82.998238	73.511055	69.086433	101.622932	83.372932	68.334991
	3126.509000	82.769012	73.480629	69.058525	101.206032	83.269867	68.378899
	3134.934000	82.520142	73.386581	69.012108	100.870552	83.227684	68.452957
	3143.356000	82.369308	73.380867	69.082047	100.485870	83.089317	68.415474
	3151.779000	82.163940	73.277359	69.122444	100.027519	82.963608	68.350304
	3160.201000	81.926666	73.319504	69.059166	99.678345	82.837456	68.398865
	3168.626000	81.665657	73.099861	68.981773	99.255348	82.688759	68.376038
	3177.048000	81.493393	73.126785	68.993118	98.833984	82.518433	68.339615
	3185.471000	81.234375	73.022301	68.966988	98.432495	82.359322	68.302460
	3193.894000	80.984016	72.916840	68.867905	98.005768	82.235779	68.312576
	3202.322000	80.812408	72.819534	68.846191	97.566795	82.035561	68.292778
	3210.749000	80.565613	72.715103	68.731171	97.146225	81.894157	68.264618
	3219.175000	80.309097	72.691216	68.759315	96.775612	81.702003	68.257912
	3227.600000	80.077477	72.551521	68.678017	96.336617	81.506821	68.160591
	3236.024000	79.993279	72.473297	68.638725	95.980026	81.340652	68.153969
	3244.448000	79.771530	72.337280	68.608101	95.680573	81.196960	68.177841
	3252.870000	79.684631	72.263466	68.560150	95.355515	81.015129	68.025993
	3261.292000	79.609375	72.144905	68.475922	95.103554	80.780228	67.986824
	3269.714000	79.571739	72.133392	68.434143	94.906693	80.608223	67.956451
	3278.140000	79.522064	71.996872	68.373222	94.762001	80.398315	67.895271
	3286.566000	79.518021	71.945625	68.353584	94.685448	80.237953	67.816467
	3294.991000	79.516396	71.824387	68.231827	94.672798	80.106400	67.797897
	3303.418000	79.572197	71.703049	68.158340	94.672417	79.966454	67.656273
	3311.840000	79.560730	71.656746	68.099182	94.700035	79.788147	67.492096
	3320.264000	79.672714	71.566612	68.079613	94.818756	79.698540	67.465492
	3328.687000	79.682289	71.497337	67.995407	94.918877	79.559464	67.360962
	3337.112000	79.850136	71.457794	67.965698	95.092209	79.474487	67.287399
	3345.536000	79.884789	71.424843	67.900627	95.262085	79.385391	67.261299
	3353.963000	80.068893	71.397873	67.842003	95.463860	79.328941	67.229134
	3362.388000	80.231972	71.362938	67.829742	95.710983	79.287392	67.152916
	3370.815000	80.381844	71.401871	67.791664	95.984138	79.256836	67.104225
	3379.242000	80.557625	71.326469	67.719429	96.255020	79.219383	67.070198
	3387.667000	80.714645	71.405556	67.733894	96.549782	79.240280	67.004417
	3396.093000	80.944298	71.408981	67.757729	96.846825	79.265930	66.925743
	3404.519000	81.011810	71.327293	67.678986	97.165771	79.288597	66.844994
	3412.947000	81.248367	71.321800	67.632439	97.532158	79.316002	66.701103
	3421.373000	81.502502	71.429665	67.665390	97.859528	79.362518	66.680687
	3429.797000	81.620171	71.422173	67.676468	98.243477	79.449463	66.659218
	3438.221000	81.839874	71.486206	67.624733	98.626701	79.509010	66.641991
	3446.645000	82.065117	71.473724	67.645493	98.978203	79.615578	66.640617
	3455.072000	82.248741	71.587387	67.625771	99.383522	79.737091	66.643867
	3463.495000	82.473007	71.665359	67.673523	99.731995	79.750450	66.576286
	3471.917000	82.775612	71.714363	67.768196	100.191101	79.963074	66.613617
	3480.339000	82.951752	71.766891	67.745544	100.606682	80.110146	66.626167
	3488.760000	83.222885	71.910004	67.782120	100.973740	80.166977	66.613998
	3497.186000	83.400383	71.863037	67.735130	101.402473	80.328552	66.631203
	3505.613000	83.656815	71.975624	67.823936	101.812943	80.484062	66.648750
	3514.038000	83.874771	72.047455	67.869896	102.196915	80.639763	66.709137
	3522.460000	84.072861	72.136780	67.871681	102.654251	80.810684	66.701965
	3530.886000	84.315453	72.214180	67.925293	103.081268	80.987648	66.724915
	3539.310000	84.601562	72.300674	67.934105	103.501442	81.145554	66.755402
	3547.734000	84.758629	72.459435	68.018211	103.941795	81.346336	66.793457
	3556.160000	84.992767	72.494202	68.119034	104.324142	81.520897	66.823395
	3564.584000	85.198349	72.627388	68.146370	104.718643	81.737946	66.893990
	3573.008000	85.355583	72.698067	68.223511	105.072037	81.903587	66.943207
	3581.435000	85.450592	72.800079	68.250832	105.354980	82.133911	67.019264
	3589.859000	85.548050	72.919868	68.337227	105.566429	82.317383	67.040443
	3598.282000	85.672379	73.081398	68.478668	105.765732	82.527115	67.182358
	3606.704000	85.666260	73.168320	68.487000	105.871307	82.667068	67.167084
	3615.127000	85.685654	73.258255	68.525635	105.972603	82.878448	67.228981
	3623.551000	85.634102	73.308273	68.588058	105.989296	82.992889	67.321663
	3631.975000	85.626869	73.381248	68.631729	105.992424	83.133118	67.408005
	3640.399000	85.616669	73.443001	68.744865	105.970749	83.316849	67.564240
	3648.821000	85.542244	73.514168	68.783745	105.866959	83.417336	67.588829
	3657.246000	85.434265	73.614830	68.892250	105.799957	83.580452	67.697365
	3665.672000	85.417229	73.639503	68.935974	105.631531	83.698967	67.771149
	3674.099000	85.257278	73.702682	68.951035	105.457405	83.733589	67.870201
	3682.521000	85.104698	73.711121	69.002579	105.254440	83.779297	67.948921
	3690.947000	84.992615	73.757263	69.059746	105.012512	83.842728	68.013718
	3699.371000	84.854210	73.765648	69.072258	104.838554	83.896278	68.098679
	3707.794000	84.702408	73.837173	69.087662	104.524155	83.898087	68.120888
	3716.218000	84.520821	73.832886	69.148468	104.262527	83.922401	68.229561
	3724.640000	84.348679	73.829788	69.168060	103.958992	83.833084	68.254677
	3733.066000	84.194832	73.771400	69.209595	103.628105	83.842697	68.300270
	3741.492000	83.981895	73.771736	69.179672	103.273415	83.822655	68.387085
	3749.917000	83.894066	73.880112	69.300476	102.935089	83.788307	68.489830
	3758.341000	83.560081	73.723068	69.209381	102.589722	83.726723	68.481453
	3766.768000	83.430031	73.732422	69.282692	102.192375	83.637085	68.431961
	3775.196000	83.163986	73.677368	69.249619	101.907928	83.576714	68.511688
	3783.620000	82.919540	73.582710	69.172798	101.494072	83.481079	68.518318
	3792.042000	82.765404	73.609909	69.245392	101.084961	83.407738	68.521103
	3800.469000	82.589340	73.570984	69.241302	100.658691	83.262230	68.473503
	3808.893000	82.321838	73.460358	69.186325	100.300041	83.159325	68.471039
	3817.320000	82.100235	73.463882	69.150421	99.876434	83.023651	68.529099
	3825.744000	81.882683	73.334427	69.145615	99.494865	82.891403	68.556213
	3834.166000	81.724342	73.300575	69.137878	99.084023	82.706375	68.520210
	3842.591000	81.417259	73.195038	69.087311	98.642914	82.591797	68.596146
	3851.015000	81.185127	73.088783	69.072014	98.242508	82.442680	68.482338
	3859.437000	81.012383	73.030205	69.013870	97.845551	82.292320	68.490173
	3867.860000	80.803329	72.962372	68.998962	97.426361	82.084251	68.430885
	3876.284000	80.513107	72.838577	68.848518	96.969803	81.914322	68.412720
	3884.708000	80.407120	72.783028	68.914665	96.591339	81.729454	68.386932
	3893.132000	80.173615	72.632065	68.830116	96.266579	81.584709	68.357262
	3901.558000	80.018265	72.503098	68.749458	95.905663	81.398636	68.245895
	3909.984000	79.951340	72.446037	68.684349	95.626953	81.189873	68.252144
	3918.408000	79.850502	72.370422	68.681145	95.426086	81.001747	68.197174
	3926.834000	79.768013	72.235466	68.577530	95.264801	80.842499	68.135323
	3935.258000	79.758049	72.187927	68.565506	95.104492	80.636536	68.078560
	3943.684000	79.750519	72.091484	68.437378	95.008698	80.464798	67.962250
	3952.109000	79.763329	71.986969	68.413742	95.014977	80.338127	67.910728
	3960.533000	79.791771	71.975082	68.367226	95.020050	80.189163	67.832321
	3968.959000	79.893204	71.839333	68.355667	95.032036	80.063820	67.778458
	3977.384000	79.891571	71.753365	68.202034	95.151161	79.930130	67.695602
	3985.809000	80.022072	71.791275	68.264496	95.251038	79.808899	67.652496
	3994.237000	80.097641	71.706192	68.115631	95.428810	79.732445	67.588844
	4002.663000	80.201561	71.635254	68.065063	95.591850	79.634682	67.484612
	4011.086000	80.343452	71.653839	68.070122	95.778801	79.590034	67.392700
	4019.513000	80.472092	71.605316	68.006905	96.058014	79.539825	67.365616
	4027.938000	80.598579	71.525543	67.960335	96.269737	79.529190	67.308197
	4036.361000	80.767517	71.574142	67.923668	96.553238	79.521698	67.184219
	4044.786000	80.921249	71.588058	67.917191	96.812096	79.477509	67.122101
	4053.210000	81.072838	71.524895	67.857193	97.087250	79.530609	67.033737
	4061.635000	81.320015	71.567139	67.870117	97.456070	79.517143	67.023705
	4070.057000	81.485847	71.597717	67.853477	97.775848	79.593254	67.005615
	4078.481000	81.640793	71.613060	67.833061	98.101982	79.605965	66.930969
	4086.906000	81.769241	71.580597	67.754036	98.473747	79.702278	66.917038
	4095.333000	81.997658	71.636604	67.792877	98.809242	79.775314	66.858711
	4103.757000	82.244286	71.756638	67.851982	99.161896	79.801872	66.828873
	4112.181000	82.433678	71.710831	67.862564	99.556450	79.958023	66.832848
	4120.605000	82.652000	71.786751	67.866753	99.926193	80.036499	66.883179
	4129.026000	82.875427	71.878288	67.858147	100.279907	80.095100	66.839073
	4137.453000	83.103188	71.901283	67.946274	100.733269	80.285866	66.862091
	4145.878000	83.262291	72.054794	67.904060	101.113152	80.424179	66.821152
	4154.301000	83.476402	72.064133	67.965454	101.520477	80.558968	66.843880
	4162.728000	83.776077	72.155525	68.000725	101.907448	80.710823	66.860970
	4171.152000	83.961098	72.230415	68.040115	102.259804	80.826416	66.869308
	4179.578000	84.172073	72.296631	68.069000	102.672043	81.012863	66.893936
	4188.003000	84.426170	72.358261	68.045601	103.100311	81.155983	66.903671
	4196.428000	84.639542	72.447464	68.121330	103.506088	81.327133	66.959549
	4204.854000	84.732269	72.503204	68.077827	103.932213	81.479874	66.997223
	4213.280000	84.969856	72.637444	68.187386	104.267235	81.676956	67.066895
	4221.703000	85.178291	72.704735	68.257240	104.655579	81.849838	67.071526
	4230.127000	85.309753	72.850952	68.352409	104.935318	82.069710	67.143547
	4238.549000	85.464508	72.963371	68.441040	105.179390	82.211990	67.189102
	4246.971000	85.523254	73.014717	68.438774	105.397850	82.424461	67.239967
	4255.397000	85.596741	73.131409	68.472542	105.571251	82.585129	67.300682
	4263.821000	85.623680	73.227066	68.594833	105.708115	82.767128	67.351555
	4272.244000	85.618568	73.318649	68.645210	105.729950	82.906853	67.436493
	4280.667000	85.629288	73.395805	68.674492	105.819283	83.104790	67.533554
	4289.091000	85.617752	73.543526	68.818169	105.816429	83.265213	67.646507
	4297.515000	85.529259	73.600639	68.816383	105.731621	83.375114	67.677078
	4305.941000	85.462601	73.624107	68.866913	105.633881	83.491684	67.705818
	4314.369000	85.324715	73.618591	68.921692	105.533218	83.627838	67.785103
	4322.793000	85.245422	73.713074	68.966934	105.324837	83.643860	67.852715
	4331.219000	85.106781	73.756287	69.005348	105.188522	83.684563	67.897758
	4339.645000	85.031853	73.828766	69.072365	105.018051	83.804878	68.025627
	4348.070000	84.893417	73.810089	69.114426	104.748009	83.818161	68.055412
	4356.495000	84.732559	73.870964	69.159515	104.494568	83.877678	68.132805
	4364.917000	84.555321	73.788765	69.157288	104.195908	83.866631	68.188705
	4373.341000	84.434464	73.862099	69.228592	103.901794	83.874245	68.273575
	4381.764000	84.250900	73.806793	69.203735	103.592712	83.834389	68.247955
	4390.190000	84.055870	73.764305	69.295097	103.301392	83.837143	68.406143
	4398.616000	83.880592	73.805252	69.274635	102.965111	83.805954	68.443291
	4407.039000	83.682205	73.740837	69.219589	102.624878	83.772652	68.463867
	4415.463000	83.442978	73.708702	69.272484	102.215164	83.595047	68.492867
	4423.888000	83.233643	73.699783	69.208778	101.884079	83.557167	68.521942
	4432.311000	83.119011	73.688339	69.318352	101.501221	83.458153	68.483925
	4440.736000	82.821709	73.628609	69.260666	101.150047	83.368317	68.548866
	4449.161000	82.623688	73.607841	69.253639	100.755371	83.286087	68.550789
	4457.583000	82.444824	73.531036	69.310669	100.359383	83.141502	68.579536
	4466.005000	82.221909	73.437012	69.292717	99.955841	83.059952	68.638763
	4474.428000	82.019829	73.490753	69.266708	99.551888	82.881157	68.591591
	4482.855000	81.751259	73.256905	69.165482	99.174080	82.790894	68.578354
	4491.279000	81.547409	73.240578	69.164505	98.767365	82.637413	68.588341
	4499.703000	81.319527	73.166542	69.150490	98.323425	82.466087	68.526611
	4508.127000	81.074265	73.068695	69.064522	97.923256	82.300636	68.531960
	4516.551000	80.847763	72.959587	68.989525	97.494530	82.130089	68.513405
	4524.977000	80.621918	72.854340	68.918152	97.071213	81.943283	68.397209
	4533.400000	80.378517	72.793617	68.918381	96.651390	81.764023	68.363960
	4541.825000	80.176010	72.688080	68.850853	96.230553	81.581619	68.329865
	4550.251000	80.048691	72.589203	68.803276	95.936005	81.418312	68.317162
	4558.672000	79.920982	72.518578	68.792458	95.557709	81.244003	68.200592
	4567.099000	79.816231	72.380836	68.733276	95.328575	81.034599	68.185333
	4575.523000	79.734932	72.302299	68.589142	95.155952	80.895462	68.231857
	4583.947000	79.723175	72.228218	68.580360	94.932495	80.666229	68.075478
	4592.368000	79.680565	72.151016	68.514816	94.822998	80.471214	68.043411
	4600.792000	79.679787	72.048950	68.481247	94.773811	80.317024	67.918732
	4609.216000	79.677742	71.936447	68.373512	94.765480	80.161591	67.883385
	4617.640000	79.737137	71.852158	68.324028	94.764107	80.020195	67.797180
	4626.067000	79.777000	71.808151	68.265785	94.833603	79.871231	67.694458
	4634.491000	79.855110	71.751060	68.260017	94.929916	79.778313	67.654915
	4642.914000	79.914650	71.654305	68.168037	95.088722	79.663292	67.626053
	4651.340000	80.026192	71.587090	68.151917	95.181007	79.604858	67.535942
	4659.765000	80.144485	71.616913	68.052666	95.405487	79.507790	67.471603
	4668.190000	80.250816	71.541046	67.995796	95.641418	79.472961	67.418411
	4676.613000	80.470291	71.528130	67.997314	95.845795	79.455986	67.316803
	4685.038000	80.607002	71.587585	68.010490	96.118973	79.391510	67.244263
	4693.461000	80.763115	71.497559	67.923386	96.417259	79.390488	67.188438
	4701.885000	80.911522	71.552437	67.905388	96.703873	79.389282	67.137924
	4710.310000	81.151802	71.585503	67.925636	96.991287	79.413811	67.069138
	4718.734000	81.240219	71.521042	67.896675	97.290268	79.417496	67.008621
	4727.159000	81.424118	71.505074	67.796547	97.650978	79.487366	67.020744
	4735.584000	81.691872	71.602936	67.856407	98.023033	79.536392	66.936104
	4744.010000	81.870369	71.635857	67.889114	98.371750	79.626297	66.907738
	4752.432000	82.048286	71.661095	67.804314	98.752243	79.663879	66.922646
	4760.856000	82.235687	71.649269	67.794319	99.094574	79.788345	66.830475
	4769.279000	82.431877	71.745705	67.811691	99.486534	79.861481	66.761009
	4777.705000	82.637070	71.824295	67.834846	99.904671	79.997238	66.832191
	4786.126000	82.891861	71.870880	67.945427	100.288765	80.137123	66.805443
	4794.550000	83.119041	71.921021	67.922913	100.707474	80.241211	66.826813
	4802.974000	83.345680	72.059990	67.931038	101.098038	80.398399	66.851997
	4811.399000	83.553802	72.023010	67.924759	101.476288	80.523796	66.878632
	4819.824000	83.780304	72.160675	67.992805	101.873619	80.661659	66.865906
	4828.249000	83.984406	72.236748	68.036369	102.287025	80.825485	66.880989
	4836.673000	84.190102	72.257584	68.028328	102.693741	80.942719	66.866409
	4845.098000	84.410423	72.366592	68.080078	103.130905	81.124916	66.899651
	4853.525000	84.643661	72.429810	68.091972	103.476677	81.302986	66.921638
	4861.951000	84.846146	72.573906	68.183411	103.918427	81.496460	66.995712
	4870.376000	85.011887	72.619171	68.239716	104.233948	81.661819	67.038216
	4878.800000	85.204887	72.752625	68.298958	104.636948	81.853828	67.085144
	4887.224000	85.326218	72.801178	68.327599	104.894615	81.994728	67.127487
	4895.649000	85.442947	72.924873	68.403908	105.159653	82.179596	67.175964
	4904.072000	85.512138	73.054024	68.479706	105.357361	82.371254	67.219536
	4912.495000	85.587227	73.177361	68.573769	105.519958	82.586800	67.309464
	4920.920000	85.591927	73.263626	68.625229	105.595398	82.712006	67.354431
	4929.345000	85.604828	73.348694	68.650276	105.679893	82.924637	67.429283
	4937.767000	85.562180	73.376900	68.723663	105.695038	83.070351	67.513321
	4946.192000	85.476830	73.441727	68.732590	105.691368	83.258163	67.577095
	4954.618000	85.491310	73.522408	68.827751	105.606026	83.326729	67.619514
	4963.042000	85.375450	73.528816	68.879555	105.499329	83.493568	67.748062
	4971.468000	85.329109	73.675224	68.994858	105.410553	83.531204	67.829720
	4979.893000	85.246620	73.720222	69.027954	105.225319	83.584389	67.914307
	4988.317000	85.092583	73.769592	69.056267	105.046104	83.693970	67.982376
	4996.740000	84.872070	73.730103	69.015846	104.778763	83.686539	68.004745
	5005.163000	84.797493	73.763298	69.107048	104.601456	83.762436	68.138870
	5013.587000	84.652977	73.806580	69.164558	104.353638	83.792442	68.200745
	5022.012000	84.500206	73.858803	69.153542	104.038544	83.794167	68.272850
	5030.439000	84.296921	73.841537	69.206413	103.781738	83.820900	68.288567
	5038.864000	84.120697	73.803185	69.233597	103.405602	83.757133	68.328911
	5047.287000	84.003166	73.779930	69.268555	103.139290	83.780083	68.425446
	5055.709000	83.757187	73.753212	69.241821	102.789261	83.697395	68.474136
	5064.132000	83.612450	73.757751	69.276855	102.430626	83.676979	68.528465
	5072.559000	83.352219	73.725479	69.278267	102.060585	83.569466	68.513374
	5080.983000	83.174011	73.713745	69.299530	101.710045	83.517036	68.573524
	5089.407000	82.990257	73.637108	69.316399	101.346016	83.399109	68.560616
	5097.830000	82.707199	73.574440	69.240173	100.953110	83.307671	68.579239
	5106.256000	82.545204	73.548874	69.279228	100.556580	83.172203	68.611610
	5114.680000	82.410362	73.568321	69.278290	100.178123	83.105545	68.663475
	5123.104000	82.104752	73.382027	69.208588	99.769211	82.947304	68.583900
	5131.526000	81.899292	73.422745	69.196373	99.395744	82.843277	68.619728
	5139.951000	81.651711	73.271973	69.152130	98.994148	82.735283	68.569519
	5148.377000	81.490364	73.233513	69.151016	98.576073	82.565887	68.582848
	5156.800000	81.201172	73.108948	69.081413	98.163567	82.409988	68.550293
	5165.225000	80.977058	73.041649	69.053970	97.765053	82.272980	68.571930
	5173.647000	80.788269	72.978935	69.014153	97.329308	82.069733	68.557816
	5182.070000	80.555290	72.882355	68.991806	96.891243	81.861809	68.409714
	5190.498000	80.288734	72.764343	68.870064	96.538460	81.729080	68.424385
	5198.919000	80.171112	72.668060	68.877129	96.097908	81.497467	68.291550
	5207.342000	79.989464	72.556572	68.855225	95.805084	81.332870	68.251648
	5215.767000	79.899345	72.456139	68.725410	95.485970	81.142998	68.214195
	5224.191000	79.826920	72.392212	68.698593	95.225182	80.960960	68.159126
	5232.614000	79.758095	72.326149	68.671913	95.041443	80.741753	68.139549
	5241.036000	79.666489	72.153435	68.592888	94.912010	80.610069	68.075012
	5249.460000	79.670410	72.125504	68.570679	94.792809	80.427856	68.023651
	5257.887000	79.675079	72.023857	68.442619	94.719704	80.231735	67.913658
	5266.313000	79.672539	71.947052	68.393524	94.736923	80.115036	67.821213
	5274.737000	79.721397	71.917999	68.359184	94.772560	79.958481	67.747581
	5283.161000	79.823639	71.801857	68.322990	94.840530	79.855209	67.716499
	5291.584000	79.836243	71.692314	68.198959	94.951614	79.733002	67.674019
	5300.008000	79.954590	71.729530	68.240082	95.075783	79.668289	67.603073
	5308.432000	80.043961	71.656876	68.077522	95.232742	79.575020	67.507927
	5316.856000	80.212433	71.649788	68.106194	95.426407	79.515785	67.419075
	5325.284000	80.321884	71.558029	68.036400	95.626282	79.410912	67.332932
	5333.709000	80.505455	71.568787	68.008194	95.923721	79.398125	67.268311
	5342.131000	80.645126	71.543205	67.999100	96.169868	79.367462	67.208961
	5350.554000	80.727440	71.531784	67.927368	96.435135	79.378716	67.186523
	5358.978000	80.935387	71.515572	67.906105	96.736572	79.362236	67.108574
	5367.401000	81.057655	71.470062	67.838562	97.050835	79.402252	67.077980
	5375.825000	81.339554	71.508530	67.876816	97.383835	79.379959	67.026321
	5384.251000	81.514519	71.551445	67.851662	97.726120	79.446388	66.900848
	5392.673000	81.666847	71.599686	67.837791	98.098557	79.545265	66.912193
	5401.098000	81.831329	71.586067	67.778992	98.467567	79.614326	66.881310
	5409.522000	82.047920	71.636208	67.830536	98.780228	79.634392	66.804390
	5417.949000	82.322357	71.757454	67.850739	99.202690	79.783524	66.876564
	5426.375000	82.510460	71.708977	67.857956	99.587746	79.887138	66.848152
	5434.799000	82.742958	71.843285	67.881126	99.982452	79.996384	66.864822
	5443.222000	82.986244	71.933128	67.893768	100.371582	80.102318	66.835289
	5451.646000	83.172821	71.901215	68.014526	100.753998	80.242737	66.835442
	5460.073000	83.370750	72.044708	67.966652	101.148956	80.348129	66.836327
	5468.498000	83.576668	72.097878	68.029709	101.607956	80.527580	66.802612
	5476.920000	83.868629	72.165291	68.002022	102.000305	80.652214	66.794533
	5485.343000	84.033119	72.259758	68.064667	102.400558	80.803871	66.869911
	5493.767000	84.285149	72.319328	68.124039	102.831085	80.958008	66.845482
	5502.189000	84.544388	72.409691	68.158043	103.244698	81.186485	66.905060
	5510.615000	84.725288	72.491882	68.169899	103.662537	81.295769	66.908676
	5519.037000	84.886520	72.604836	68.178368	104.070518	81.522171	67.037018
	5527.462000	85.068962	72.677559	68.254814	104.435387	81.714905	67.078026
	5535.888000	85.272408	72.768509	68.324715	104.779022	81.886757	67.102722
	5544.314000	85.372833	72.890129	68.376251	105.082466	82.062485	67.160408
	5552.738000	85.573784	73.038383	68.464973	105.312904	82.273766	67.199524
	5561.162000	85.600853	73.104584	68.517235	105.505028	82.515594	67.290985
	5569.584000	85.615662	73.161087	68.533875	105.635216	82.648087	67.325592
	5578.005000	85.630928	73.282646	68.660309	105.727806	82.833435	67.401352
	5586.428000	85.614037	73.392258	68.691345	105.781799	82.933952	67.470474
	5594.851000	85.633453	73.438004	68.771729	105.778389	83.104141	67.564087
	5603.273000	85.581429	73.555817	68.838722	105.763412	83.230995	67.624908
	5611.695000	85.555847	73.651939	68.938774	105.643753	83.358856	67.699570
	5620.119000	85.411934	73.628494	68.912338	105.573997	83.498138	67.725563
	5628.542000	85.307518	73.707039	69.026466	105.463448	83.614609	67.803055
	5636.963000	85.229980	73.760201	69.061302	105.267181	83.635986	67.914078
	5645.386000	85.125221	73.802887	69.090492	105.072716	83.729073	67.938835
	5653.810000	85.039772	73.850883	69.162346	104.838226	83.768463	68.046074
	5662.234000	84.878929	73.865723	69.193245	104.614891	83.808098	68.142334
	5670.661000	84.714233	73.922081	69.230370	104.375069	83.840530	68.222221
	5679.083000	84.535057	73.895683	69.297256	104.113251	83.868767	68.287140
	5687.504000	84.361511	73.885674	69.262482	103.793373	83.814102	68.367065
	5695.927000	84.158150	73.865799	69.261406	103.473106	83.835823	68.397728
	5704.350000	83.991737	73.867722	69.346771	103.170311	83.833115	68.493134
	5712.774000	83.827957	73.837662	69.366196	102.809258	83.774803	68.478859
	5721.196000	83.630363	73.812302	69.312637	102.499870	83.729446	68.508926
	5729.619000	83.417236	73.748749	69.351280	102.116318	83.662880	68.548988
	5738.041000	83.150208	73.695686	69.281700	101.728470	83.533287	68.611092
	5746.465000	83.015137	73.710785	69.338066	101.363907	83.448746	68.607033
	5754.888000	82.795326	73.661125	69.334465	100.984711	83.377373	68.647316
	5763.310000	82.593719	73.638832	69.318810	100.638199	83.253555	68.714272
	5771.732000	82.340820	73.525162	69.298828	100.191376	83.161133	68.624832
	5780.156000	82.160301	73.457466	69.392036	99.754837	83.040092	68.657188
	5788.579000	81.893364	73.419113	69.228271	99.408783	82.878487	68.691612
	5797.005000	81.667427	73.262489	69.238228	98.988914	82.740387	68.670227
	5805.429000	81.470970	73.257195	69.185257	98.559830	82.550873	68.623322
	5813.852000	81.224541	73.141472	69.153610	98.168922	82.439850	68.636093
	5822.277000	81.001976	73.107796	69.132744	97.762260	82.271118	68.571678
	5830.700000	80.792625	72.969780	69.063210	97.325066	82.094162	68.519203
	5839.121000	80.619034	72.913315	69.035614	96.904984	81.927521	68.491943
	5847.545000	80.325012	72.790543	68.935936	96.514168	81.738144	68.478378
	5855.972000	80.144150	72.687851	68.896248	96.107399	81.533958	68.367485
	5864.398000	80.038315	72.592117	68.845627	95.802422	81.365746	68.412231
	5872.825000	79.895882	72.485916	68.815033	95.553741	81.192604	68.283302
	5881.250000	79.859474	72.416512	68.761642	95.292191	80.967415	68.266922
	5889.677000	79.792992	72.311539	68.686417	95.113586	80.858986	68.218987
	5898.101000	79.755455	72.263016	68.625954	95.013893	80.722786	68.151077
	5906.521000	79.750175	72.180733	68.597046	94.883629	80.486458	68.067139
	5914.944000	79.756805	72.111061	68.573425	94.873299	80.326279	68.026573
	5923.368000	79.791512	71.969780	68.416718	94.828529	80.169609	67.932442
	5931.793000	79.851021	71.909882	68.411583	94.896332	80.000397	67.812683
	5940.220000	79.896637	71.867279	68.326317	94.982170	79.884674	67.741379
	5948.645000	79.970238	71.754105	68.258034	95.065010	79.798958	67.662971
	5957.066000	80.076302	71.702957	68.247437	95.248184	79.699028	67.587967
	5965.489000	80.183212	71.649681	68.233330	95.446152	79.615189	67.555908
	5973.915000	80.280235	71.655251	68.121529	95.636818	79.562569	67.551407
	5982.339000	80.462631	71.614418	68.076546	95.860359	79.510818	67.423500
	5990.764000	80.665398	71.610237	68.077171	96.143883	79.491699	67.384422
	5999.192000	80.764671	71.645546	68.040970	96.389107	79.490570	67.286301
	6007.617000	80.924835	71.598511	68.024391	96.696709	79.429825	67.174599
	6016.041000	81.074944	71.633781	67.965683	97.007698	79.513550	67.150833
	6024.462000	81.273956	71.609314	67.925156	97.347710	79.556686	67.183449
	6032.886000	81.496574	71.643272	67.979538	97.660164	79.533173	67.014526
	6041.308000	81.636116	71.604942	67.920097	97.989845	79.577385	67.016800
	6049.731000	81.888977	71.669815	67.922173	98.384888	79.658592	67.020554
	6058.154000	82.040291	71.731926	67.965065	98.710808	79.718918	66.976349
	6066.580000	82.286171	71.800339	67.921844	99.099609	79.826111	66.962753
	6075.006000	82.471771	71.754639	67.935043	99.485031	79.941124	66.967079
	6083.429000	82.673729	71.879501	67.941673	99.859070	80.002800	66.924904
	6091.854000	82.905777	71.918236	67.976074	100.256927	80.128868	66.982719
	6100.276000	83.121391	71.986397	68.012405	100.661865	80.305450	66.944069
	6108.703000	83.337555	72.058052	68.073318	101.087631	80.452690	66.937744
	6117.127000	83.602386	72.174904	68.047401	101.507469	80.597153	66.980019
	6125.551000	83.777718	72.152588	68.052353	101.875893	80.702423	66.948654
	6133.976000	84.017387	72.274513	68.110382	102.282578	80.854065	66.951088
	6142.401000	84.239662	72.366447	68.167747	102.716454	81.016365	66.977936
	6150.825000	84.431496	72.460510	68.163727	103.116959	81.184654	66.961021
	6159.249000	84.716972	72.575462	68.251236	103.493515	81.321762	66.998428
	6167.672000	84.957352	72.670776	68.323685	103.954628	81.511734	67.062820
	6176.095000	85.080803	72.725822	68.336800	104.324387	81.683670	67.126587
	6184.517000	85.240150	72.807549	68.391289	104.679871	81.880363	67.199745
	6192.939000	85.422539	72.884789	68.428909	105.001747	82.075989	67.222748
	6201.362000	85.559021	72.976654	68.501556	105.283447	82.310585	67.282677
	6209.787000	85.689796	73.154922	68.581810	105.497795	82.410988	67.261795
	6218.209000	85.688774	73.244644	68.674561	105.711441	82.662437	67.394058
	6226.635000	85.759018	73.356285	68.747047	105.803513	82.803230	67.483047
	6235.060000	85.778938	73.442162	68.793549	105.891273	83.025276	67.534279
	6243.485000	85.793640	73.559494	68.865997	105.972687	83.193108	67.671852
	6251.911000	85.696648	73.604225	68.887383	105.953720	83.305237	67.713364
	6260.334000	85.654602	73.684128	68.967079	105.918694	83.447525	67.790756
	6268.760000	85.608223	73.700127	69.007858	105.798264	83.535210	67.851372
	6277.184000	85.536034	73.703407	69.048042	105.696342	83.656578	67.953705
	6285.611000	85.425751	73.833618	69.122154	105.496841	83.752754	67.970520
	6294.036000	85.361900	73.883255	69.195877	105.364037	83.838440	68.054825
	6302.458000	85.159485	73.916153	69.241631	105.156242	83.895638	68.096649
	6310.883000	85.018753	73.910767	69.200706	104.926170	83.944672	68.164703
	6319.309000	84.927193	73.971443	69.305664	104.687866	83.950203	68.240852
	6327.732000	84.739784	73.981293	69.326057	104.415306	83.984795	68.349258
	6336.154000	84.556038	73.964752	69.315933	104.172798	83.979904	68.374634
	6344.578000	84.375893	73.988029	69.361214	103.804466	83.942535	68.450989
	6353.001000	84.204117	73.927315	69.351585	103.496284	83.923050	68.533752
	6361.425000	84.066811	73.956474	69.394981	103.186974	83.926483	68.574326
	6369.850000	83.869659	73.929276	69.422783	102.820869	83.834724	68.557564
	6378.277000	83.671524	73.882072	69.425751	102.498253	83.767738	68.662537
	6386.702000	83.467728	73.866096	69.468681	102.129921	83.695206	68.639076
	6395.124000	83.311729	73.870148	69.449356	101.781761	83.615349	68.710083
	6403.546000	83.064987	73.745934	69.450256	101.363602	83.538101	68.674355
	6411.972000	82.818550	73.701302	69.402840	100.996925	83.488800	68.717224
	6420.397000	82.561073	73.603455	69.370285	100.599762	83.343758	68.651543
	6428.823000	82.440697	73.671722	69.433083	100.245659	83.201584	68.669861
	6437.246000	82.139984	73.546227	69.401749	99.829132	83.042885	68.705139
	6445.671000	81.963959	73.498146	69.315819	99.402641	82.946648	68.735703
	6454.097000	81.745285	73.402168	69.320656	98.985237	82.803223	68.750931
	6462.521000	81.546432	73.318886	69.267143	98.609795	82.663177	68.751884
	6470.947000	81.278900	73.228806	69.231354	98.175949	82.515846	68.721710
	6479.372000	81.025749	73.125824	69.196869	97.734848	82.327515	68.676216
	6487.796000	80.871979	73.147850	69.182915	97.321716	82.155014	68.633240
	6496.220000	80.627342	72.985321	69.139061	96.922737	81.993103	68.638229
	6504.646000	80.412025	72.875702	69.009895	96.497353	81.750511	68.528816
	6513.070000	80.259117	72.803482	69.019028	96.141167	81.613190	68.482040
	6521.494000	80.109566	72.681915	68.935699	95.817741	81.393158	68.434830
	6529.916000	80.027863	72.566078	68.878258	95.548409	81.249405	68.425400
	6538.340000	79.928688	72.500839	68.821243	95.373146	81.132172	68.398933
	6546.765000	79.821617	72.412582	68.773064	95.154991	80.885788	68.261162
	6555.188000	79.822662	72.263535	68.733994	95.017960	80.690392	68.196854
	6563.612000	79.804138	72.241570	68.683823	94.919785	80.549973	68.116920
	6572.035000	79.826111	72.148270	68.561829	94.923676	80.429169	68.084564
	6580.459000	79.875099	72.090942	68.549629	94.950386	80.252029	68.010536
	6588.884000	79.880684	72.018837	68.447922	94.951935	80.099091	67.928619
	6597.307000	80.030167	71.965958	68.429642	95.073463	80.030136	67.866966
	6605.730000	80.036400	71.803993	68.357918	95.116066	79.815422	67.725075
	6614.155000	80.134758	71.842987	68.325859	95.334663	79.784683	67.757591
	6622.580000	80.250931	71.803322	68.236420	95.456238	79.704308	67.648743
	6631.003000	80.394913	71.759377	68.205521	95.672646	79.618416	67.585732
	6639.426000	80.520317	71.721367	68.175980	95.927231	79.572792	67.541237
	6647.849000	80.631363	71.710945	68.117401	96.195183	79.606918	67.475639
	6656.272000	80.844849	71.715851	68.146393	96.432114	79.550797	67.314224
	6664.696000	80.959915	71.671852	68.097786	96.712433	79.571045	67.285408
	6673.119000	81.124931	71.625778	68.048927	96.987511	79.559006	67.225899
	6681.542000	81.252571	71.688072	68.014732	97.341599	79.607452	67.174622
	6689.965000	81.507874	71.683212	68.013771	97.622749	79.632088	67.088745
	6698.388000	81.706863	71.729065	68.028229	98.002510	79.664009	67.086288
	6706.812000	81.809639	71.724785	67.981308	98.318810	79.680901	67.039665
	6715.237000	82.055687	71.767487	67.989624	98.685310	79.767815	67.055542
	6723.660000	82.280762	71.795616	67.984535	99.111282	79.931686	67.024590
	6732.084000	82.517189	71.868095	68.011192	99.450600	79.982056	66.995422
	6740.510000	82.696976	71.892189	68.009171	99.810570	80.026093	66.973663
	6748.935000	82.883644	72.015060	68.058281	100.198143	80.164879	66.991913
	6757.360000	83.153198	72.057365	68.038017	100.608788	80.290543	67.016525
	6765.782000	83.336586	72.052498	68.159477	100.999985	80.424530	66.944191
	6774.205000	83.594925	72.173180	68.116524	101.372169	80.575089	66.914818
	6782.628000	83.761391	72.227013	68.152496	101.778946	80.672615	66.856689
	6791.052000	84.019516	72.264496	68.150566	102.171738	80.815315	66.939384
	6799.474000	84.164467	72.358696	68.170769	102.611359	81.032829	67.014603
	6807.896000	84.425728	72.476501	68.241409	103.040886	81.173103	67.074905
	6816.320000	84.656082	72.588867	68.282303	103.407509	81.351021	67.096970
	6824.745000	84.888741	72.670067	68.371796	103.803505	81.484680	67.101807
	6833.167000	85.029495	72.757057	68.354523	104.222153	81.713387	67.202408
	6841.590000	85.151161	72.799316	68.368835	104.547256	81.863899	67.180984
	6850.012000	85.379044	72.952469	68.492043	104.878433	82.102943	67.256371
	6858.437000	85.498299	73.077087	68.534882	105.105019	82.238663	67.296959
	6866.859000	85.581947	73.125809	68.568497	105.335884	82.427681	67.386276
	6875.283000	85.614166	73.213432	68.627052	105.487160	82.595078	67.445236
	6883.704000	85.620529	73.296555	68.688438	105.651802	82.792473	67.537415
	6892.128000	85.605827	73.412018	68.810608	105.675583	82.921967	67.548370
	6900.551000	85.632660	73.494713	68.832138	105.732620	83.108757	67.652390
	6908.974000	85.587746	73.522957	68.928017	105.694183	83.231613	67.692932
	6917.397000	85.508972	73.620468	68.906151	105.633629	83.361885	67.751671
	6925.820000	85.491165	73.698921	68.998856	105.548058	83.478355	67.771149
	6934.243000	85.340134	73.695160	69.015266	105.441833	83.595467	67.906349
	6942.667000	85.370193	73.816391	69.153519	105.273849	83.674698	67.981903
	6951.092000	85.202461	73.869728	69.184868	105.094414	83.724922	68.049767
	6959.513000	85.089783	73.870361	69.229057	104.914581	83.761192	68.139915
	6967.940000	84.932785	73.919518	69.286491	104.686455	83.833687	68.244957
	6976.365000	84.769279	73.906044	69.271172	104.410645	83.860237	68.257973
	6984.788000	84.631439	73.924149	69.355995	104.142227	83.856476	68.361732
	6993.211000	84.457870	73.966820	69.371399	103.825378	83.853676	68.342888
	7001.634000	84.275040	73.945473	69.380989	103.548485	83.821220	68.433105
	7010.059000	84.067284	73.950302	69.358093	103.235031	83.855408	68.537666
	7018.484000	83.902946	73.898384	69.428322	102.939491	83.785561	68.538216
	7026.907000	83.723778	73.909309	69.440399	102.563843	83.739319	68.548378
	7035.332000	83.537361	73.875648	69.447296	102.198265	83.631699	68.574898
	7043.754000	83.288521	73.776619	69.422264	101.848305	83.588806	68.590942
	7052.177000	83.103188	73.766006	69.437546	101.458542	83.489586	68.651764
	7060.601000	82.844887	73.690948	69.349861	101.105461	83.453804	68.684990
	7069.025000	82.705536	73.655495	69.380859	100.675659	83.324730	68.740036
	7077.448000	82.493195	73.631630	69.408325	100.307045	83.224762	68.687317
	7085.872000	82.176788	73.487473	69.293915	99.915756	83.073990	68.659447
	7094.293000	81.997932	73.446411	69.430939	99.529945	82.959770	68.670410
	7102.719000	81.733261	73.326454	69.232765	99.116516	82.817329	68.692589
	7111.144000	81.532951	73.307007	69.267868	98.692886	82.655716	68.690094
	7119.567000	81.357483	73.245491	69.241631	98.306602	82.514687	68.651329
	7127.993000	81.044724	73.114326	69.148003	97.840370	82.312836	68.575569
	7136.418000	80.914871	73.099533	69.167587	97.438553	82.115868	68.602348
	7144.843000	80.680161	72.997108	69.143982	97.044357	81.999313	68.515823
	7153.269000	80.477036	72.902657	69.125351	96.656883	81.809387	68.493011
	7161.692000	80.309395	72.825790	69.036537	96.245148	81.575302	68.435883
	7170.118000	80.153458	72.720985	68.947044	95.902252	81.461494	68.463745
	7178.545000	79.951988	72.599289	68.894531	95.555374	81.238472	68.367462
	7186.969000	79.875908	72.520241	68.831261	95.299393	81.022728	68.318581
	7195.392000	79.855919	72.447792	68.812187	95.068825	80.901497	68.281006
	7203.813000	79.802391	72.369987	68.754288	94.949165	80.734871	68.202370
	7212.238000	79.678123	72.214561	68.653130	94.807854	80.530159	68.124382
	7220.662000	79.720734	72.168030	68.613907	94.736931	80.369217	68.048897
	7229.088000	79.708679	72.084023	68.565636	94.765457	80.222076	67.963837
	7237.512000	79.743134	71.972961	68.494873	94.745468	80.070389	67.837982
	7245.933000	79.845695	71.947876	68.469086	94.822670	79.901817	67.815865
	7254.358000	79.907028	71.880424	68.380501	94.886108	79.814903	67.736237
	7262.783000	79.968208	71.741768	68.287872	95.033539	79.743546	67.679749
	7271.209000	80.217743	71.757759	68.307312	95.188950	79.632248	67.620445
	7279.634000	80.202446	71.697777	68.214737	95.388451	79.556129	67.551628
	7288.060000	80.374352	71.710625	68.196869	95.581505	79.535004	67.455032
	7296.486000	80.503685	71.672890	68.121971	95.802856	79.469841	67.401306
	7304.912000	80.635895	71.624496	68.114815	96.076134	79.435478	67.311890
	7313.336000	80.746613	71.596092	68.040329	96.338936	79.440170	67.244118
	7321.761000	80.970909	71.640923	68.076920	96.619247	79.413239	67.142403
	7330.187000	81.087181	71.646706	68.012085	96.943520	79.415550	67.141968
	7338.611000	81.260178	71.584305	67.918709	97.259804	79.471519	67.099823
	7347.035000	81.447899	71.652130	67.960884	97.609085	79.498405	67.019180
	7355.459000	81.653503	71.734840	68.022545	97.923752	79.539383	66.982445
	7363.885000	81.846596	71.698936	67.938248	98.265045	79.634300	66.990517
	7372.311000	82.102837	71.759842	67.988403	98.632294	79.695854	66.948906
	7380.736000	82.280403	71.756989	67.972939	98.992760	79.759773	66.952789
	7389.161000	82.459679	71.822525	67.970184	99.426910	79.871193	66.942047
	7397.584000	82.685585	71.875313	67.989532	99.784073	79.978447	66.914070
	7406.009000	82.907265	71.877571	67.958313	100.169327	80.085373	66.899971
	7414.434000	83.015770	71.920937	67.874908	100.577583	80.218513	66.942612
	7422.859000	83.302414	72.009644	68.046677	100.947243	80.329285	66.867462
	7431.281000	83.465462	72.073372	67.973549	101.382172	80.475479	66.909851
	7439.705000	83.747513	72.208336	68.102173	101.793655	80.638641	66.956383
	7448.131000	83.962357	72.269257	68.103516	102.193428	80.778870	66.948318
	7456.558000	84.231888	72.351822	68.194839	102.574532	80.947464	66.934921
	7464.983000	84.451141	72.466614	68.187263	102.986099	81.128365	66.919380
	7473.409000	84.666710	72.597878	68.251663	103.403214	81.314667	66.980782
	7481.832000	84.811485	72.558067	68.284729	103.762283	81.451576	66.966393
	7490.254000	85.015816	72.664795	68.324799	104.194832	81.635399	67.066826
	7498.681000	85.216293	72.867805	68.412140	104.522339	81.830261	67.177826
	7507.104000	85.303146	72.897964	68.421913	104.783295	82.037018	67.189972
	7515.528000	85.395554	73.032433	68.482399	105.083443	82.207870	67.247360
	7523.953000	85.542763	73.146935	68.583443	105.295868	82.362320	67.335571
	7532.375000	85.529037	73.221893	68.655693	105.409004	82.559334	67.372803
	7540.799000	85.547173	73.274368	68.684128	105.518394	82.703773	67.459938
	7549.225000	85.549767	73.341591	68.735329	105.575226	82.889206	67.578201
	7557.650000	85.548279	73.497734	68.837227	105.548492	83.027321	67.628281
	7566.074000	85.544296	73.544632	68.863747	105.571159	83.209602	67.785347
	7574.500000	85.464394	73.612846	68.975998	105.484848	83.312508	67.733711
	7582.925000	85.375717	73.724289	68.978394	105.384613	83.393127	67.782219
	7591.351000	85.280579	73.686775	68.990601	105.259201	83.482689	67.874069
	7599.776000	85.190208	73.728256	69.004135	105.070229	83.561058	67.951508
	7608.198000	85.020416	73.787788	69.159508	104.936623	83.680534	68.085648
	7616.623000	84.942039	73.859116	69.184334	104.665268	83.710632	68.150131
	7625.044000	84.810150	73.881798	69.188240	104.467255	83.765739	68.200867
	7633.471000	84.651848	73.888397	69.277130	104.214523	83.798172	68.287399
	7641.895000	84.449623	73.892586	69.283615	103.916344	83.740768	68.303612
	7650.319000	84.330841	73.853661	69.382889	103.655853	83.814743	68.363121
	7658.744000	84.174141	73.883156	69.355553	103.348450	83.795563	68.449867
	7667.167000	83.954010	73.854538	69.358788	103.030586	83.764580	68.532593
	7675.590000	83.773201	73.836113	69.359840	102.671379	83.698433	68.559319
	7684.016000	83.578873	73.856171	69.377151	102.342278	83.672684	68.642242
	7692.442000	83.306664	73.751892	69.341599	101.931641	83.524391	68.600357
	7700.868000	83.201164	73.774559	69.435791	101.628685	83.486885	68.652962
	7709.291000	82.943779	73.651169	69.298126	101.259872	83.419434	68.643524
	7717.715000	82.789635	73.642159	69.357430	100.831818	83.318047	68.647850
	7726.139000	82.568535	73.586624	69.349091	100.479401	83.216087	68.617432
	7734.562000	82.327919	73.512947	69.329948	100.094376	83.066536	68.684776
	7742.987000	82.024773	73.401749	69.254456	99.672966	82.955009	68.650291
	7751.410000	81.916275	73.409241	69.313988	99.277832	82.808548	68.611832
	7759.834000	81.652176	73.360191	69.237411	98.867500	82.711578	68.615273
	7768.258000	81.434219	73.288055	69.224373	98.465523	82.536842	68.584755
	7776.684000	81.164917	73.136406	69.138458	98.072899	82.390846	68.624222
	7785.110000	81.022636	73.092934	69.157539	97.626556	82.218826	68.588387
	7793.534000	80.779686	72.981583	69.109863	97.295578	82.079712	68.600128
	7801.957000	80.477760	72.893066	68.998161	96.836029	81.852928	68.520737
	7810.381000	80.355019	72.832222	68.991615	96.443039	81.716606	68.482529
	7818.806000	80.153572	72.716057	68.961601	96.048424	81.529343	68.397491
	7827.232000	79.990150	72.609489	68.880203	95.686607	81.317810	68.374146
	7835.653000	79.950539	72.582260	68.816048	95.384819	81.110329	68.290878
	7844.075000	79.776512	72.478836	68.770126	95.146469	80.959587	68.261620
	7852.500000	79.667068	72.298370	68.707642	94.947937	80.757706	68.243553
	7860.922000	79.659981	72.201462	68.618706	94.782394	80.590523	68.160927
	7869.347000	79.645981	72.146912	68.587517	94.700348	80.464104	68.091774
	7877.771000	79.668335	72.042534	68.505562	94.689735	80.251160	67.996368
	7886.197000	79.671753	71.998749	68.513786	94.652451	80.107903	67.972282
	7894.625000	79.734245	71.846748	68.372726	94.671341	79.951859	67.881516
	7903.050000	79.818985	71.820801	68.337822	94.776665	79.828041	67.783089
	7911.474000	79.852364	71.802155	68.241219	94.890572	79.725830	67.693214
	7919.897000	79.956245	71.726135	68.234398	94.986366	79.596886	67.642159
	7928.322000	80.077538	71.653099	68.140007	95.192673	79.551392	67.527847
	7936.744000	80.124847	71.610115	68.135056	95.323509	79.451591	67.386482
	7945.168000	80.345985	71.649498	68.128609	95.576332	79.416641	67.335236
	7953.593000	80.407249	71.564087	68.021133	95.827621	79.412224	67.324387
	7962.015000	80.584549	71.536949	68.063004	96.067818	79.355255	67.273346
	7970.438000	80.744110	71.547981	68.003426	96.364685	79.347107	67.228271
	7978.863000	80.905815	71.547195	67.972137	96.624214	79.330856	67.161560
	7987.287000	81.152458	71.600128	67.992783	96.953819	79.341698	67.049721
	7995.708000	81.235657	71.603348	67.943710	97.300583	79.396133	67.063148
	8004.129000	81.454430	71.565399	67.888092	97.578506	79.375626	66.977501
	8012.754000	81.731331	71.693260	67.979568	97.957397	79.496078	66.946449
	8021.177000	81.811897	71.609489	67.934502	98.337036	79.572983	66.872963
	8029.599000	82.035728	71.644180	67.878876	98.730774	79.671165	66.938194
	8038.024000	82.315865	71.766312	67.920128	99.088333	79.767937	66.872887
	8046.446000	82.439278	71.767532	67.968811	99.474518	79.865349	66.871765
	8054.870000	82.668571	71.822098	67.934914	99.858566	79.966530	66.885635
	8063.695000	82.903389	71.860626	67.960625	100.256737	80.094063	66.807083
	8072.131000	83.122169	72.003891	67.979240	100.648552	80.241364	66.822372
	8080.547000	83.337074	72.044510	68.008873	101.048035	80.380127	66.853210
	8088.970000	83.558502	72.105614	68.004898	101.436218	80.507828	66.835594
	8097.392000	83.796257	72.178215	68.018379	101.882210	80.685081	66.922134
	8105.818000	83.955048	72.212456	68.052650	102.284225	80.823853	66.928200
	8115.048000	84.229469	72.336563	68.181633	102.719582	80.975700	66.895981
	8123.474000	84.487816	72.437027	68.211082	103.145767	81.145630	66.968750
	8131.896000	84.660851	72.543678	68.222878	103.597450	81.340302	67.013084
	8140.321000	84.940872	72.656380	68.270294	103.951813	81.533012	67.061630
	8148.742000	85.114922	72.764023	68.338799	104.315605	81.688255	67.102043
